106020
164067
159061
69199
185620
106449
166174
189754
111993
20091
107959
191583
195150
54271
172637
111997
141783
81985
20876
88302
167810
29039
157
169407
19356
115586
206002
108667
23977
197507
6723
189324
137108
191380
142730
179348
153846
118110
135665
197665
189069
204228
188669
34730
185051
108145
175396
11888
177821
3971
181894
81771
49987
8002
85273
90232
24411
169126
174280
44990
31317
29009
10446
131737
110130
208653
154979
7357
178107
90841
134878
106662
174849
197674
101874
31430
121914
14597
180917
174867
164966
56064
28604
167009
184656
97422
61935
86417
106657
189147
45371
74126
97700
205477
142064
51035
156741
75715
202802
1481
62679
54110
85358
200481
51482
17144
142340
140060
204676
73548
109782
113985
34776
72457
33744
179247
108102
43994
159323
146046
197154
95911
142503
50808
167674
43842
4022
9007
115407
185426
56924
208124
49523
111957
7610
199840
143498
164014
131034
70611
38515
57529
189085
22406
27225
171149
50839
142130
127370
44832
169088
22547
88502
34905
28422
206231
99708
168775
57771
208686
24295
63783
203027
31917
184450
14031
206999
148460
87560
62310
4127
195113
119449
113777
181809
65723
19592
114738
193100
46718
46293
51337
189246
56343
53455
127772
195232
3768
2783
74270
209552
170692
49742
74234
