104869
34498
73227
155777
110995
176916
2808
115302
49072
101863
178319
25842
67851
29951
47325
186280
109362
193054
116795
50412
16132
123699
205230
206282
164082
108011
7528
2145
123038
106068
87064
68697
16946
1373
29846
53602
24209
123074
142684
16380
11835
53735
192021
22893
105378
89770
123947
157973
7517
191926
97911
25472
66464
175794
110360
10673
94963
66829
132349
122919
52502
33399
201709
137747
205321
95948
87040
198300
55022
127324
49911
118964
112380
60945
19219
133357
33474
156114
50093
159188
17258
24624
112672
188027
23682
164832
198097
40417
81728
18485
192465
195544
176777
187751
201175
15708
39853
750
207412
74817
27148
139662
197566
119345
111638
170947
27881
82071
192742
143707
37577
161546
165548
139264
148882
63546
193135
132366
2986
194062
207326
103560
78611
23898
195328
160734
194923
134471
86606
120655
183166
50279
28999
132467
199941
158163
18709
171182
126
141801
117738
65066
154428
60309
112089
122330
173205
138596
197696
163289
3375
113216
61537
199380
158200
72521
108267
16615
153479
82985
20755
189345
154143
187245
153162
37296
86536
53098
25343
208606
124568
77820
169845
197303
21466
39504
111714
144668
199914
122108
33841
26377
116295
100539
103672
71597
192330
27044
110189
129495
204775
98260
