24989
125573
178317
129248
69524
110999
70623
72041
88611
111744
2963
188784
23254
33435
47094
71891
206254
14074
43969
179237
16271
23493
96122
64057
47928
174236
159707
68455
186319
82487
146025
49673
199651
159234
20779
128160
97216
179845
122069
107954
87274
162371
130644
126431
77854
121674
173144
137312
202195
178790
84029
207157
66367
191393
158141
79580
35468
129785
192452
197039
44185
10962
151754
52400
78020
71667
51276
160076
16396
128499
127075
142432
170642
171738
114927
75327
2616
20728
72855
182048
85195
163213
155290
170741
181578
116192
96626
22960
112269
68626
69813
79773
65429
51734
126149
15394
178079
195143
117748
136606
35524
175301
123764
66685
105615
71670
8054
152174
87084
30839
118940
46356
131414
60378
168993
120636
91055
39913
202968
190165
145629
189067
154061
135705
176238
121232
38890
110006
159653
117103
111494
1355
104873
130870
196527
36958
123224
85793
104896
109862
151729
187629
156275
198115
78390
4302
113596
76220
111283
205428
53580
115994
99773
128609
171579
67492
121432
30010
153070
115984
191050
62279
82075
171630
69676
99851
61746
102551
111066
126795
166894
128099
142390
149938
156430
31228
208701
72643
122710
95066
119577
146360
188925
191136
189900
160610
132884
161963
206003
158716
108073
150257
11436
