168976
990
197459
55628
138776
176933
106225
166933
198091
124673
104145
128124
118527
31089
168319
194468
142938
28238
44415
40058
38508
65520
112739
74503
205169
117393
36784
190481
173962
102368
193578
134472
176146
35565
97839
41690
66577
128079
15386
56576
98581
85820
58792
132302
30446
51503
27484
9645
99698
24794
147263
123637
207349
181125
116487
125330
150724
98650
12528
151187
207074
120249
130494
205591
90873
20157
97210
24957
108998
98110
104122
158223
42100
12458
83568
153174
118626
95612
23272
158041
37185
145721
187337
51504
90168
173
39403
100926
204739
134084
7401
51308
112742
82571
142956
13286
46355
160666
106108
165330
118434
81990
83339
170846
1697
25476
111998
142434
147627
26860
197450
41409
126243
170077
209563
159835
136142
112088
131171
163823
143594
17943
1968
133330
91973
102105
205859
57180
23574
160983
187235
148322
188713
35874
159059
31686
40264
14495
78008
48692
25177
163691
16313
17279
58994
78751
107538
207488
144521
172826
146862
77739
134406
184676
48763
121151
203635
62457
17618
59324
147679
172459
116922
785
9812
43613
164347
82569
51585
168936
188195
49124
89286
782
46867
16682
182926
171454
59772
38913
135433
23555
62747
91035
52033
48703
171469
202210
