169834
185957
79505
62114
52352
106313
100452
9278
125119
6630
88987
85997
19378
91386
197189
52043
1345
192344
204770
61957
45795
102632
3785
156057
87942
122689
209220
127531
11673
80282
164105
85426
181914
22523
3495
1851
62895
146567
164284
104324
43185
132072
178303
143184
91117
53456
105886
10808
12921
151300
132321
121260
69065
186675
108171
4612
59073
54848
65279
183716
150022
123364
46081
92749
19348
28807
102376
37361
160349
196064
152033
193232
94143
91298
123873
36142
18522
167965
40868
163150
42598
165217
118404
34958
49411
156134
143102
106900
113021
7134
94343
11908
50662
14457
149966
107072
11195
25261
3275
127668
116022
22
60663
44040
193594
29880
176246
132763
20933
80237
195907
63050
97933
71883
114087
162214
106463
151353
205746
71205
92718
161531
203064
29717
153353
165210
59282
156931
48086
121109
25312
103610
1976
153699
125094
176562
74756
179643
87440
117980
118959
155305
185788
141670
136027
133387
200216
9933
12297
201080
208059
187837
167655
61446
124714
25079
28144
106457
27180
163701
64703
158434
102964
28148
202646
94436
99371
113242
47878
46113
52058
117739
120825
205109
95347
93200
67473
62602
202694
6897
144457
8557
178621
141346
76140
16594
97148
182119
85513
49619
209067
37732
85007
