35291
163158
64849
168216
110507
155401
6155
21650
176505
31619
31992
178519
208578
128964
85003
190162
83027
124774
108015
137092
147423
165930
65611
73712
66789
26855
78427
172437
155823
123069
6538
152067
83042
95798
111735
51812
157643
107661
139896
63274
84256
207067
193905
37678
75074
41181
206773
105371
25488
152434
206812
61737
20409
186951
6764
50186
101037
945
131597
67262
35791
68525
128250
64210
91379
50220
57195
176823
155139
85430
25361
137493
180030
55828
45051
98863
105090
87944
149230
132166
19100
31214
138154
41833
149121
77460
1512
101407
4801
98784
106136
108443
161614
45112
92511
16358
174545
75935
196563
82508
33138
191729
198134
130355
28287
42252
138462
181221
147492
66481
139144
36136
134191
9851
35395
171626
72525
157152
172089
105771
30301
126343
196843
198262
64414
50181
47350
181033
82433
164654
117919
178197
848
102175
115084
165301
69656
118064
192422
64031
203144
14805
61226
176431
4745
9596
172708
76329
125728
19623
42604
166627
182803
22389
177698
106518
142172
132622
205021
171851
203177
29904
136793
143673
155922
147586
25936
194341
88159
35141
27944
95739
35713
40002
105613
142742
83139
113230
11097
5849
111523
125747
186506
133430
74385
59976
103925
52445
179669
35537
2266
130457
185858
