180551
90087
113205
159932
58306
174432
81163
107936
36394
65581
149355
150637
202293
209059
127448
28353
200210
124604
149981
183101
152283
127876
203726
165695
30981
196209
45907
16287
151306
77769
144790
177301
41262
68077
44490
92488
63381
36706
200801
65866
9691
206438
93897
98960
78431
53080
102953
71559
82913
63318
12088
204218
70661
79403
55504
177116
96011
101112
75021
693
36430
73442
47170
54984
60941
39818
182686
68653
167040
3072
100896
50635
25409
122491
14995
112114
188291
174393
74932
179501
90292
59498
107524
156277
165438
178502
191430
129497
142915
149189
58119
173081
23292
188574
208603
100375
33877
81910
188381
154877
209617
58817
113599
94113
126819
133229
171056
136178
154079
33682
156722
142898
55350
139347
77597
130404
155403
5259
84860
140823
62082
88405
64560
203421
190810
54745
144646
177172
140953
84656
97539
85617
179961
100010
129363
185544
69428
192491
102753
137285
126636
22128
66798
73963
186247
171508
42578
169375
192806
121803
200423
13360
69972
7458
76
59312
187939
165132
33535
83833
182337
158346
5977
150740
199619
6947
200654
115580
186994
196058
130468
81745
11631
161652
10046
192027
186457
109434
189768
141250
203974
185583
61431
92022
55987
2366
53977
73843
140068
22685
94120
130568
27029
162362
29779
101344
152965
