11320
143742
207098
66916
82998
121177
45609
3512
93724
144410
69306
65417
206892
175585
203043
65028
155500
77629
89134
127783
164471
44114
91295
91830
68566
22973
22490
1299
101309
177935
135
149502
97076
29747
58261
156582
203740
173641
6173
65481
91490
126813
144855
107667
113683
158888
101706
161967
55172
184431
34872
92710
19399
153313
68090
163378
21733
93323
24528
85675
164334
157068
197534
127623
151468
48701
131932
105491
138868
172841
83341
16061
23576
168944
116182
189989
115633
72593
103090
193229
121416
50328
194139
7781
62208
110703
200583
10640
108624
48532
161020
139394
93626
148538
81287
87719
34483
189936
25925
176014
155992
126279
130492
73656
25692
5766
24919
167644
203568
155642
181300
113199
45558
168189
68675
147226
93985
71311
79196
14689
4981
197762
39868
200945
190302
167123
36375
138228
133012
200644
22392
88915
139436
141034
64372
95475
141593
114885
169786
202850
152177
156466
33109
161277
208358
77475
109184
69929
6577
196156
1300
25243
3369
77818
112289
22337
95445
185182
113915
175020
48862
62517
16600
159367
175895
104587
135678
25227
19473
78236
100160
45149
44950
166495
58755
153760
5221
61764
46822
109465
67024
33351
100748
102222
52175
107473
123543
15225
205905
159965
5072
42691
186064
78977
155409
