62309
57887
84501
38835
15274
102414
85421
108200
40742
54535
144167
135611
78401
187504
201510
120684
209302
168255
145529
82065
175606
66573
34624
9844
93413
143150
195085
139982
4424
112496
155776
77196
104672
21178
142913
105610
27457
197484
75519
173990
113884
102645
179176
130987
129122
89803
181985
4053
166929
30170
91711
177169
149917
78586
97699
57932
131112
118343
176884
86603
178836
145980
71290
35242
76653
143996
85944
144193
179268
67681
178728
88105
122112
66976
113082
104334
170101
83439
206764
100480
15854
131314
112228
127607
164472
208205
34376
56828
187806
200411
140160
67013
127846
147345
66493
105048
118520
120798
28886
120579
36827
131053
101013
111982
165944
74559
111363
129053
197081
30553
106502
30718
63668
145283
202136
53170
174543
38714
121974
83240
100146
172030
168723
143888
194886
139222
25339
97605
168601
175905
92842
134050
11911
173741
172972
193888
204869
53168
152345
102783
39236
4443
73828
45053
71269
158134
158304
166287
71458
65067
3029
134687
167520
86272
14555
151103
39331
60013
180935
111095
179295
157886
190559
191996
34957
171412
51615
118181
14540
88332
209187
14850
120796
189098
74465
58243
134426
4367
131385
57186
165928
49676
92724
194373
77982
168769
209421
183423
147806
77242
54197
133102
81224
