71305
147954
10725
196760
176788
29991
162230
8392
201985
161972
111131
185719
11142
200358
175991
190927
204004
63014
181988
46423
67205
86679
28105
73299
54053
73151
130649
174431
168779
17382
47446
194424
199498
40647
142286
8089
95478
49492
140495
182582
17795
114162
165309
126692
138150
31711
112644
82396
192127
187409
5800
82966
129765
17335
80841
158631
31426
3508
174102
11777
111711
56384
152907
204134
32896
209463
140980
187206
89182
82541
74049
7491
42419
40438
13518
134173
158708
163575
39
168324
97393
184227
40434
54190
45920
18781
191113
94593
203166
50121
165753
171123
36500
174446
52006
66881
50068
119530
120985
159846
109099
42694
83661
158126
49114
9173
46130
42074
38428
167791
123383
52102
1997
172592
176667
70026
80494
204784
65076
119840
207730
138593
14843
76786
160862
199824
15877
150601
139638
43246
32725
31677
199786
45618
64854
84737
136478
166757
37414
146330
52640
162905
99949
162075
145920
116129
187456
121410
80320
203415
92242
208539
138267
123397
171091
41081
77001
59250
145520
25575
203919
105815
103765
69657
41555
208404
64037
152291
19068
184675
70843
180360
184529
130409
3117
20801
123460
119453
109288
185717
168150
47
97185
94545
107660
185469
110913
132620
172814
151513
160497
75022
193737
204861
110447
136439
160536
89725
