119065
32956
122909
134501
197643
108148
69773
72097
147924
125527
75752
186649
178551
137449
45632
3752
74078
32994
45071
30313
37489
63418
171392
64222
172761
160939
52110
78983
31733
208089
88357
180765
154090
125317
64934
80411
119391
15657
32612
181527
56900
33851
161260
115253
2553
101897
130526
118341
87699
108815
205941
177443
87119
99149
9950
89066
163532
39734
3729
99890
160057
71869
191195
83291
52508
81454
18599
50110
38525
86610
136012
102036
200079
181420
136663
146328
140773
88529
14526
31570
196448
60606
65402
38488
79812
150122
21520
109220
86635
18776
41302
96512
91640
114486
202330
6475
169449
94752
134049
153996
29178
170729
134991
72923
8919
78201
137351
206762
150117
18142
71837
114699
184235
178282
132897
135078
172980
94745
19671
76093
115641
104207
179943
33035
99521
203756
113913
59867
179627
91897
75932
153133
183469
202965
172317
77617
173264
140124
176351
49859
101813
186503
159223
145001
129706
152968
181225
190844
91371
66903
121229
53333
197207
81391
1051
66968
178091
104543
1324
50534
38663
181876
140247
129560
9448
21063
161482
123781
86763
170275
1770
64307
166646
198399
96414
92145
170374
73927
118629
179842
198072
201852
110887
100281
68793
115622
110267
95765
99535
142527
78929
71789
