105126
56403
112363
63286
182693
105696
117009
2988
114228
108905
43830
201315
159725
205573
30654
37077
22680
90252
62484
119935
110930
150490
122309
19994
176714
134481
185761
155111
168600
97695
195231
192063
170067
54798
168987
34377
152356
159056
186197
16079
34112
148242
27678
39345
176615
164424
37581
188841
185675
169438
178745
109176
73724
4627
56929
183833
118631
52735
142433
37368
202400
172866
20621
99324
41246
2812
57728
148244
28754
138558
196274
206505
119921
118186
120129
88856
173757
145671
45703
28119
135660
7282
142660
6147
123030
36712
107863
166390
61303
18685
90794
125016
15044
8729
187936
149637
179266
168904
88627
9634
122555
117715
132538
203599
171105
174276
21737
148198
202248
89911
193772
191282
132407
92774
7162
19391
167288
26496
27099
34795
26129
101666
32849
4429
97602
197079
170283
44041
87497
114820
113249
32274
112542
113367
155636
41233
21283
122712
153890
144098
201891
19019
29977
110461
204564
5308
81112
121874
48064
184361
52048
36598
74035
126888
83383
191128
121047
143690
95070
178629
34338
121811
139699
49661
59368
192218
170479
206138
176710
89386
104026
164203
55328
158125
205611
167828
154658
128968
127419
171509
162602
157716
200473
19571
170036
30330
82640
197855
199473
156734
150484
185995
56090
22871
202658
