17095
3672
107516
117356
149882
73510
69362
75473
178525
24759
95164
6813
147216
79382
121337
94720
199728
72242
40326
24539
64061
63918
79125
146485
167657
181669
54825
57235
118873
173024
165468
189171
38285
75219
129898
144598
117264
180549
65006
186416
163467
92018
58367
43217
63516
59751
192407
165667
4621
83289
24983
31091
189061
133644
161818
37355
19815
132312
194445
101430
86586
79495
163499
190725
172528
42732
161023
43395
182061
192025
117005
192726
143125
170687
340
134633
22467
25280
130372
37439
59254
136332
187688
46308
21100
62687
53512
61265
158123
126844
77295
172960
204376
11686
6518
29060
107152
171948
142404
2733
84240
121170
70693
201633
6081
142580
131389
31819
21866
117754
139232
173959
168229
69152
15515
166347
116829
184789
134152
40164
78855
89616
151458
12811
65277
145724
53428
107117
142255
143537
201470
44654
188143
164383
116965
33124
117002
33032
18897
173415
96153
161884
86590
31220
164712
43090
204060
118198
41215
189495
189706
61946
25175
119709
134541
60245
40348
154623
209426
191726
159182
200107
125796
14898
190882
53680
191769
147459
104602
156887
208092
143634
71131
137272
21923
106512
116102
44593
127230
89902
142423
201046
31900
80717
75813
142512
47221
200624
1604
46746
73846
98341
170039
11905
