171352
207782
144226
82501
139245
120041
69745
121615
202733
91976
59775
32354
204185
98601
90612
34565
13176
152296
90633
134100
152423
157701
173680
111576
127612
167792
60761
74145
16694
2791
96792
131702
80867
134458
201104
185259
73274
11928
133050
10920
134149
111195
157902
133225
180379
179576
49929
182946
186049
132508
148771
17103
1863
9681
16908
34579
121354
84330
109674
90248
11157
76872
194783
36027
73563
169520
109198
182704
117050
158257
159386
144536
153674
191152
40733
167465
200548
49808
24733
98050
209313
207618
72700
100015
115558
66211
176500
85866
207526
2
118546
51269
118622
14485
146099
179725
98674
193300
59148
175989
92524
4034
28680
143025
177604
163072
201354
99734
7605
207147
35798
101331
38761
150143
9808
183468
132593
43308
17992
185663
85828
146242
189214
118393
18428
141353
128465
147164
125083
157132
97184
190467
38776
122194
99094
55247
110676
43211
203665
137542
186961
1681
21387
125193
166795
111920
184206
205288
127002
25108
22488
69614
111600
10583
162792
53996
197515
41211
113477
41877
116408
159963
188844
136033
63727
2607
95490
156850
43517
122151
151707
14790
104599
81442
115485
113968
55684
94512
144262
108210
200651
156662
176398
178865
167250
60621
22327
156680
42810
14202
165200
47983
162572
