34512
85484
2431
142519
154839
148261
88996
95025
96246
183426
27857
72699
24141
138628
102830
136147
180102
49662
122897
147332
177630
20625
209855
155722
145615
81226
9165
72856
64207
82643
142721
11026
162340
1149
47114
45289
187661
63094
17185
187298
185266
46892
177580
11441
30102
166499
4372
173017
149053
100658
157459
59101
75448
156584
7754
173760
65903
117891
169471
117823
53103
31088
33148
114989
54727
82715
151363
89149
91959
120420
176520
161258
55417
76495
160407
131620
67695
13003
163799
191485
33989
156830
188677
86551
201783
176043
3460
58785
199386
79261
88795
142771
113371
155002
97228
193868
186283
113888
23221
173606
148298
9842
67911
143839
184014
91678
198124
13099
204132
30131
178108
60553
4213
39665
78663
34891
103629
105238
45561
98880
91661
167403
43220
152398
2524
82878
165900
23053
191182
5949
95786
121882
37965
103841
102616
153912
151050
203489
161974
66230
163266
203113
135620
202208
143437
65872
23086
46603
141917
96635
183263
109381
141688
119852
149140
25352
160659
124133
106281
76211
174608
183743
185006
85937
152557
34250
143505
32083
162885
202202
48624
33596
21393
62219
4907
102340
19183
10960
56417
32754
200657
50852
202035
113458
94608
178279
49888
79555
179999
111031
140309
170619
282
51932
152682
41453
109517
