132537
83934
142979
10768
168686
193219
207282
133655
62495
143408
151093
21545
31758
150849
102129
170100
71979
53517
160015
11795
120490
168415
78011
171571
146557
181354
104132
179613
75899
169141
191574
43345
65722
95638
202230
888
162625
21491
189702
179881
18679
115222
94834
200379
153155
91617
63700
148965
22570
181837
29695
188311
206669
168351
158807
84736
111799
161419
134203
63704
84887
55445
177563
116643
148900
85122
37320
194323
128961
111625
133742
169366
85281
44912
4358
59746
188294
169617
80015
143615
7751
93018
31732
129723
169957
179008
579
31872
172890
175255
130371
43590
176569
102611
36668
111181
86681
35971
197779
36536
89716
187777
203644
90271
183944
74734
88153
37758
122027
92626
10635
63677
116079
180708
56421
192626
62230
134881
28326
51258
38368
97258
191832
92993
205633
152468
37729
41404
96540
110680
133696
160126
141407
136255
48346
36608
111296
202315
88688
124919
153381
120172
124883
58337
73048
21876
36616
124980
14097
174954
130476
36239
172059
148679
150605
185718
205195
53308
96588
123776
100142
74899
79844
14169
41054
197293
154045
80483
70000
164474
130093
134424
81879
192541
9505
133156
27253
85172
135994
29336
205366
14793
142023
207994
178341
33488
74461
112134
31983
57188
12762
204668
20644
59130
