33691
175822
76637
5885
85643
68773
202445
77973
31025
157545
180156
12946
78682
21975
68301
11994
152797
76088
18595
172093
106722
153297
39278
54489
200287
139804
690
207246
30797
77177
149414
157932
176230
200222
96631
41554
53599
132066
36614
16041
189738
5179
188801
153166
118767
104542
1321
208002
136402
92258
95180
204143
200660
146140
32888
141583
108630
147236
32862
108451
198788
98783
155076
93126
6962
165896
194584
50629
12251
165194
112128
129444
195333
168514
10743
38554
146792
126836
49744
107492
142069
134396
117421
56167
131820
61410
25211
111503
16116
72345
156438
36463
63814
93008
62552
156987
2862
131861
196688
9914
186491
112302
62785
150760
177968
17021
168445
131328
102192
208183
19783
7596
89030
180110
138134
142429
191447
209064
161928
178380
76271
157839
114634
72875
82633
124489
163673
99596
175742
164333
13220
65955
82223
166966
179414
72922
94005
181777
180734
69975
37092
169708
80963
64166
95308
107814
57640
128723
84182
191746
80420
168470
116759
43981
156548
78297
19310
85982
103615
26602
95007
196633
157075
68332
21707
196925
186173
175074
54234
97189
77113
183271
35096
115399
208101
36520
185805
70559
75270
55381
46320
12508
179369
157321
51976
76429
79603
28659
69242
202260
