142302
199749
123898
54499
154102
160406
138538
56767
54003
154010
86177
18167
47318
125372
6900
203840
31184
182604
95590
44879
168318
17576
187220
128037
149139
165603
45046
45189
157041
202325
104586
27705
129051
196503
77102
88567
117630
89220
19507
22940
16007
52489
61875
93968
89878
173007
61053
10911
88937
171366
53000
200700
141717
116967
60664
31532
177744
125915
103130
80098
45636
132689
198191
21950
81092
18619
155236
152110
204010
25449
12485
91568
3171
24913
174724
137918
119077
177605
143084
80306
16962
23811
720
90546
186941
4715
41651
149279
104487
38579
61167
172000
61083
204736
156938
115666
4457
66718
42207
81496
44885
59598
166097
97134
30468
17091
71477
207021
40324
49466
200019
68891
133825
167394
199043
60938
30655
74118
82683
131948
110684
109651
209946
179429
35371
156249
206933
103132
100282
38729
67227
197274
184474
58013
92359
44146
173022
191748
120995
194799
70529
4883
137361
23416
73700
56784
7595
100448
193630
28349
181494
5033
52332
196833
108341
12040
152435
141760
200685
56629
185695
184491
117640
96230
52095
29788
32164
95905
48006
188636
196781
155664
106493
119648
201757
136979
133421
20084
32580
170426
30462
129134
206775
60846
131453
35799
94384
28429
4855
33242
155633
69937
11558
117108
97167
162684
139861
118194
