104062
103543
52152
99251
81438
130149
112929
84904
84198
39370
96983
172163
157820
38287
93723
198800
90957
198211
24701
7752
1287
53759
52116
41290
200879
62261
162850
175353
164608
14057
101664
48619
62204
90102
82220
202335
105329
51869
59912
78882
54394
156407
174134
44170
181487
54828
96558
93316
14217
120261
42040
29700
142010
150696
171556
146452
102027
94506
51837
50126
84726
204813
33069
34650
88220
163974
97567
72838
77278
82264
78007
110266
69970
203028
52001
21185
204142
137658
56553
117986
37523
26829
121619
165885
202699
209247
169060
72073
145593
48859
27042
12275
11896
36556
35045
118714
148966
32184
187069
24390
96231
119874
109036
171499
168890
54667
121084
122888
21062
101484
19567
14828
30049
29933
116642
153317
1712
112515
9624
14059
91081
55650
127064
112035
99581
10955
55713
10853
25591
88936
120637
190755
57517
176681
125345
13436
40110
8749
19593
196377
66022
142444
117936
93861
154158
126966
159315
194254
173771
95132
60424
157021
81054
25649
177130
72852
104576
10762
200239
167076
188375
18892
128594
18399
14646
11091
45115
30915
134391
153917
167029
163381
3649
69239
122307
126024
58228
133854
37982
115577
198131
141373
113570
50167
199239
82187
47672
189879
98671
188152
