149820
80052
208218
43609
59825
82324
37230
128117
130511
84015
91524
158211
110509
53903
195622
1220
204368
68939
64581
128310
53810
199855
24180
202278
16118
191532
110021
165815
173058
116417
70768
28798
42943
101184
115341
62006
45334
204538
197227
16410
74521
179740
103709
18205
79712
191538
121583
112732
94048
161600
171513
129274
159256
13382
92598
140389
110405
172075
30099
196028
139948
114943
36892
153879
54705
23950
137123
67121
200550
180164
847
115356
27839
7590
187372
138024
51188
153324
20352
115201
193664
134477
187487
36429
54318
157465
157906
14531
139363
142165
62746
159654
36258
6473
16634
69291
140745
19913
208090
147255
106157
50348
67536
38561
33915
163832
128890
111104
58991
85671
191650
21296
171089
77719
81493
162691
207490
5313
203588
28649
129869
54589
10493
188162
71040
95463
21068
98799
153413
136428
168551
207866
60286
61209
174988
17073
149409
70739
103495
33469
120773
185190
96627
21448
17891
76443
81103
129814
93661
158547
195277
15531
8103
64533
196572
75323
60582
166986
131143
150896
51058
97786
6980
192918
157491
184932
44420
178542
177520
41440
11551
170317
188984
53466
151293
98567
170423
192520
174450
91077
51941
147861
110007
153549
27372
90942
208166
44748
145272
135964
98912
179400
99875
