121023
177198
153161
195309
104166
98094
188496
128237
195887
147530
208434
163179
15903
84186
67945
196367
153209
27480
194652
120780
119137
96350
208323
52671
89806
201071
20170
17715
157387
161792
104346
124622
171750
153515
148673
163056
19352
96519
154395
122207
136804
184518
109750
149080
86486
68131
7196
197624
92663
138252
130706
194554
72185
87207
209396
189770
123281
162100
197313
145115
69255
187586
15678
204271
67120
76428
85032
177550
102641
130471
86958
6286
7393
167077
15104
97328
173070
166422
71654
44147
132335
87363
107289
204034
149737
59239
13023
196072
176193
76634
114645
87721
38781
16466
54746
91824
10847
152671
148364
153502
43096
35590
130734
80236
130209
132286
50521
201592
112118
121153
128366
43558
100009
64297
110076
4073
75019
20528
180923
50991
50358
2376
960
116351
203485
103616
203872
103670
111584
140144
137208
205470
74066
172345
127941
5582
1557
104713
178941
41304
195308
154679
48213
91440
45647
83097
153446
164606
201718
23196
69177
123146
143225
60515
102841
62841
15793
107113
64407
174571
168419
177771
86149
99076
105885
150089
166826
101818
166930
187472
5601
166939
43227
148730
130146
183365
104525
132911
26434
101109
153617
100164
192415
47543
188492
64865
131508
191331
73161
62745
194962
37394
185159
29883
117176
121958
