134868
180949
123861
68595
109130
163565
43974
127765
79710
203530
105485
179513
65108
133165
42
153404
174001
45004
37404
129412
4977
83430
112654
107366
143039
108229
124019
104884
124248
118130
185304
111774
5468
98927
129576
79517
121613
129082
164194
122574
153411
27935
23685
144268
121279
192891
110208
99645
126775
191270
39412
40334
52189
105628
141190
68125
59334
38728
97606
178653
194765
61682
29968
140818
192686
56017
52922
41203
86172
27464
101287
109559
184030
120136
141069
97445
149477
87025
203720
92404
192800
57006
195348
146860
5385
6165
103160
88178
205378
63875
166530
184092
31796
183959
32765
187682
146896
166336
198741
145547
75164
109493
51944
9041
15988
25993
79660
141823
21932
208130
156398
77152
59129
30492
151988
106364
146428
181156
149458
103088
164849
171558
164478
43184
13610
95784
119074
16223
43563
40855
195690
60203
167026
116368
191654
93305
33219
152637
165923
69230
131293
163682
177734
21997
185916
19827
69161
115233
96742
3908
29684
61201
166764
44761
83693
36998
199323
97316
117866
68708
33879
96858
34855
160685
196672
203319
183154
49602
20412
15591
136786
8593
178234
97107
73406
125337
181787
144653
102374
60951
208577
14761
180974
46438
53707
141294
28605
185888
65420
179838
