128012
113166
18072
124648
83243
3096
92872
110821
168305
44229
20047
95096
434
6974
27528
88379
60878
134796
190722
142893
32094
105315
151512
88706
194462
188012
68681
36433
100309
17499
160396
189647
96944
21023
67357
111046
174991
173884
40583
51418
146286
104819
123257
135707
116464
136604
191730
133210
49546
89439
170905
119214
195434
93481
14298
150878
128382
30580
167874
28466
143019
14135
48571
162225
9140
42819
43548
102202
58826
140230
42339
124323
160797
171243
172911
78443
188207
83117
135836
114319
173302
194209
30209
64634
111386
111675
29538
19788
52651
105380
151216
121563
110361
57355
50609
634
2770
132719
179580
201792
18027
21918
164224
35034
203449
39320
1809
161359
67147
135485
127136
95481
88474
181502
138866
203851
65649
136052
136746
107129
153729
130170
28502
62574
156509
45333
79165
190924
81093
63590
95620
164636
194456
21971
192825
131443
105330
146475
1984
132503
175132
55808
180133
109846
108546
140872
53302
151425
148988
406
43612
6889
128066
205412
202719
175984
123093
91494
46466
124465
72409
50940
167875
111148
184167
114829
65401
155321
129566
208585
10050
130094
164750
159864
42655
188931
121863
11120
128298
125358
86921
202530
137194
158379
1966
152694
110947
35701
132256
183246
97386
124267
76566
148497
160493
