72127
79491
153506
11406
180672
69811
166228
156594
36687
92547
164614
173171
179346
206530
50924
106683
22631
179194
29252
155934
56551
197323
137541
142163
14752
491
106195
82863
178598
59358
12923
139121
77922
18313
172479
152167
206643
60509
152489
17894
101826
13680
173823
197333
68929
144837
113295
95697
173426
18680
40277
207679
57011
148343
152825
176324
121228
58246
185906
37088
13495
117793
198887
128836
6936
43763
159079
162131
209047
30933
140792
82588
114340
183771
166599
19610
144427
109855
146117
99248
169069
50065
109373
68700
6457
130551
98191
48979
15712
38893
21032
131711
76759
99896
179964
14467
164591
187607
78528
149012
28761
168756
140356
170366
92998
133535
160717
136285
117213
116441
9502
31690
105701
171582
78900
175252
25058
170926
8735
77983
88980
6043
123183
50810
96118
174441
104239
61867
94190
117583
69051
167293
13198
59668
35260
170079
78013
136023
115792
84335
3790
108966
22269
138626
151771
99674
1755
122609
108111
182930
70425
112526
103346
176415
53279
40337
38537
198189
168889
147199
12310
41200
117342
78266
105248
142394
157053
53105
170399
11775
120488
4119
129493
17597
78657
132424
162210
126887
151085
80834
208311
170381
160581
49316
153060
65500
128329
122588
162510
57290
43894
95955
35787
66054
