165587
203180
29104
149921
118320
47367
123560
161866
1897
110658
145214
175778
158038
70887
32941
105630
140819
128223
64059
25888
100644
81360
119578
57476
100958
186270
91864
133041
148732
17580
126845
143514
202741
195888
184845
151875
165635
126400
171976
161378
11300
208593
72865
29567
34326
170505
38704
92532
177544
200316
206684
57974
176184
12740
105312
107466
189880
147531
196315
8967
80977
24712
89459
193574
162385
182680
186034
161418
121779
6704
1077
201719
99912
110939
185412
89649
188526
150162
19500
46557
183602
203493
105793
118570
176446
26055
106096
144566
80838
80101
62278
42497
96302
38762
203584
92516
55391
8855
115054
181627
174159
159712
188312
83205
37050
67623
121218
38899
70069
198946
111403
4827
89574
26824
97923
188428
36304
20940
200723
84949
135027
202262
88774
37019
32770
98030
56628
3110
39379
127244
26707
14203
24916
158100
181613
187702
162272
173011
132132
74456
158377
180325
66176
78951
69833
73798
135870
129965
133645
53286
78102
135764
108797
46443
204418
122822
62969
10300
70749
190295
28871
91484
32692
27150
195823
125569
200529
176458
131654
127709
188371
101527
164234
114841
62074
97723
59771
146950
10162
193249
72625
67574
91572
157373
44744
88024
167153
36782
201903
86457
51603
137056
175337
27142
