136518
31503
144210
54140
118722
27264
88972
14393
155033
8586
84078
68354
53800
78735
205793
129285
98986
52360
2622
106909
45104
52558
192670
72815
135409
4934
190402
192531
12893
130893
94652
195255
13524
100801
94669
151646
192874
34333
13722
156353
187719
202751
189949
45574
172469
108135
114274
88770
78272
134039
91005
71312
189846
58563
194891
160224
194606
62327
17411
29097
149418
81648
167068
50685
21442
33643
58687
141942
27054
54857
172081
22464
190214
64125
3947
146100
200855
77250
111256
173932
36145
173117
31262
126822
84562
24959
138153
126346
183498
104444
187641
147549
137301
109069
155718
88713
122981
33774
102965
4910
104046
157034
38390
138341
25653
186505
116685
4585
184477
41088
151262
198568
116376
192383
10453
145526
117415
100301
43347
98343
203370
67030
139378
92427
204488
18425
160397
190287
142922
7689
159935
115145
180613
204498
27759
196176
31312
173777
79765
81032
46525
99050
105226
202654
82281
129551
180148
167492
97181
158523
179090
82338
121566
66067
54240
137991
38382
6504
4620
129730
165891
207501
181687
155066
121257
148048
56616
94601
119222
76346
90976
31498
150818
181580
63949
2697
128094
106904
13485
208381
62705
116931
141437
95421
87230
146420
162428
171927
101602
161699
74547
41173
21372
424
49428
65978
