56923
98099
142883
177125
104573
56429
134879
181935
98075
143818
33901
60942
133184
59049
156719
162470
58530
178503
199783
50077
86167
83202
21746
4105
114938
57086
23618
73810
75563
93846
189256
14293
5890
155510
189994
65104
63827
33964
123334
188491
13933
123208
65398
87462
58424
166909
175760
22317
100314
39341
167925
131055
161650
114586
19248
190632
35683
12420
123151
11124
207880
158481
172745
157535
200175
127519
4992
206988
204865
102676
26361
5050
195936
61325
61973
105135
59210
17170
80346
199382
91763
55669
105359
135981
130311
76251
146882
114865
51461
167003
171782
67187
117097
110019
123057
190497
198890
133251
105185
203662
159101
163658
99130
86432
171122
93969
178044
129915
129512
89481
66286
176821
33544
110681
177468
115992
125271
92034
159136
49649
52845
21548
47025
199242
148211
147922
91946
79925
161582
163597
103541
76781
181036
112081
110338
127962
114629
139784
75593
1561
63265
60028
194355
152010
168702
74605
193438
26196
136787
183517
107995
155546
61888
159154
65495
197406
206706
199232
20097
191196
107143
103836
35679
65770
195128
54916
60124
37900
105053
145622
28516
163644
169668
97651
9987
154100
75709
67435
6925
206152
96931
133625
133971
55883
157348
293
64494
192844
49529
84019
25528
153864
41282
167131
1319
