141646
140958
132848
32206
173238
15835
22654
60733
155800
57108
192756
101402
43508
85337
126044
7894
72991
149394
88070
183337
117807
139138
8872
47577
66158
111563
161574
129832
200898
66953
119869
195343
130922
137165
72004
67566
162141
118593
102660
48665
64816
130124
179029
74441
148216
54429
124724
25013
188457
72527
59900
183153
99760
80181
102968
70318
203306
32148
176298
194991
78231
125464
209195
60252
153730
45562
106824
111617
44890
92985
10106
159243
135578
209184
51913
185617
37685
132140
208011
94443
48971
22583
170490
197923
15013
200953
140372
207698
148270
99772
66899
39889
81677
104544
90118
55311
36138
18732
80985
209483
65344
134304
148260
96915
57253
85235
169559
119859
188283
60882
24429
64573
72459
21951
156461
67975
179494
45504
193655
204880
23979
175390
146795
70011
33301
84057
195738
168884
127864
95420
61960
78614
48626
166899
9031
202512
73730
189951
118140
153762
88659
181882
143570
140888
191853
96603
80462
78398
168616
109221
175120
18994
53450
107360
193132
209919
3190
42905
184194
23079
81565
206902
5758
11681
130807
155507
5639
27306
105845
29010
182617
18115
195235
63711
151147
98042
71022
116314
81671
202379
164427
104723
113521
148541
135909
191785
104983
138623
201152
