105865
145096
75321
14262
9760
194786
102354
32403
25110
39794
4824
9992
109230
129195
92670
54629
176690
59453
53839
41503
10591
81494
83060
110655
208193
157353
100007
51209
55223
106706
85069
58239
44752
131626
124145
8252
60139
183110
89608
105297
98442
203594
121712
134530
82209
206245
185061
131601
19488
192727
202911
192350
34569
206565
124222
6054
6080
185308
21586
75422
100615
108912
171449
129936
92423
157688
85575
151150
205176
121429
88652
157841
130117
171514
129909
201112
164232
49826
140417
175184
190498
67211
54264
68033
48585
158613
59613
70097
44332
159800
52548
31423
162968
141770
135046
140072
189958
37075
126942
50260
115777
87333
130524
17180
118206
68279
104848
37264
190916
100660
191843
136282
148588
152369
51096
102484
36910
44276
87076
11247
59087
53062
62569
132493
76263
8068
198442
28861
135530
205592
21096
174282
147427
191787
35535
14652
198743
44059
53828
8022
51943
200458
187912
122231
421
185819
128189
198198
142733
82915
122611
7128
72395
140675
169455
46498
109909
73367
64499
158980
31016
15238
106817
43393
54270
3513
151099
64948
93046
106520
18146
148844
98054
67977
68510
14796
69700
130587
167751
187945
9875
137566
118179
119369
79683
88038
205405
15084
14504
53387
105313
4594
