8598
4289
5390
7616
2776
8307
3864
5139
1733
3122
7113
7174
9634
9956
6069
1350
9534
5934
7142
8720
7252
6090
9702
7891
1475
9344
2186
775
7206
3703
6895
8443
1964
3241
2118
4404
3018
1747
9562
3136
461
9831
4471
4712
3734
2527
4902
3407
3948
3015
575
9725
3364
3781
2643
8435
4571
4814
3572
33
1734
3497
2246
2618
2901
1896
8700
3269
7955
146
4804
2411
1209
5833
714
5338
8967
8305
3568
8548
4299
2833
5120
7442
7879
8501
9116
6167
6806
7105
2767
8242
1109
8980
9934
4779
1613
3900
8971
7376
9982
2800
5409
4481
6040
6345
8146
6485
7338
1603
7463
6805
2635
6636
3695
6210
7401
250
4040
6706
2956
4209
3074
9687
9087
2606
6888
8437
6713
4031
4644
4077
8570
4762
6161
8836
3306
9167
4893
6538
6031
1053
3180
3522
8869
8168
2027
8066
9182
5801
9544
636
3332
355
3
2824
8950
7864
1596
3992
8683
7541
284
7179
9506
330
9555
5503
8905
9337
6213
3892
553
7698
478
9145
8879
5211
9037
6727
9714
8838
2925
4382
2666
112
2570
3516
6670
1080
4481
6218
1287
7732
1418
4825
7285
