814
174
5119
5589
7138
3500
3302
3593
8502
1179
4531
324
7011
3780
5778
4510
9511
3440
1920
1168
3050
3043
3767
6976
7984
8651
2610
2725
5661
8240
7880
9009
1823
3581
6186
6886
5584
8598
3095
8877
7785
4381
2779
2057
3024
2845
9163
7889
220
3966
1189
1480
9003
6365
7706
1778
943
6301
9260
4830
4123
3785
7786
9083
8216
2034
7668
2066
8670
9145
5571
9178
6816
8128
16
6412
1069
1203
6209
1782
2821
6493
8938
2205
1004
2985
2548
2917
7530
6041
3680
8237
9733
556
310
1383
5102
8189
6782
130
4011
5771
3366
9602
289
6790
6257
1515
1041
5608
6631
8284
8011
3292
738
7922
5563
8800
6389
1912
3755
4267
7213
610
3108
6940
2544
5100
6775
6836
9594
2126
8960
7828
5569
1577
5571
1572
899
8258
4578
7709
4123
1486
7844
2051
9718
5629
1962
9024
9034
2949
1198
5701
6407
2868
1921
7364
9973
9130
7581
9529
5991
709
9090
2556
9132
7022
4981
7471
9910
6840
3387
6537
1043
5072
5528
2123
6059
4281
6783
9574
1519
3843
3610
6787
2248
9554
76
2226
3516
4682
8098
566
