6777
9512
5900
2595
7339
7639
6598
2703
2571
7334
4103
865
2253
5971
328
9707
1484
8696
4551
2137
8016
836
8916
6098
7102
7886
2145
2151
7479
9635
4980
1319
6146
9358
3671
4217
5602
4248
928
1092
762
2499
2946
4474
4279
8239
2907
519
4235
8161
2523
9558
6749
5569
2888
1501
8465
5996
4910
3814
2173
6319
9438
1045
3861
886
7393
7244
9715
1211
594
4360
151
1186
8321
6568
5671
8458
6814
3824
807
1133
34
4311
8902
224
1983
7109
4975
1837
2912
8191
2908
9750
7474
5507
212
3177
2009
3880
2137
2838
7910
4625
1450
813
3403
9859
1920
2355
9525
3280
6373
7972
9479
2901
1459
3529
3937
6284
5270
5221
9998
8545
1684
7441
9854
4911
4775
1844
3201
9395
8785
2762
4398
2102
8240
9131
5762
9277
3358
232
6542
1115
3509
2704
361
4783
9221
1349
8643
239
2492
9374
5159
573
7259
6751
9557
2696
8843
8786
5602
4582
2480
1418
1531
4566
2286
8983
9371
7413
5071
5698
9608
6523
6354
956
1551
8116
1450
6150
9847
2897
6260
1704
4494
1353
231
1582
7412
3330
550
5576
4627
7747
6661
5629
