5670
1569
5853
6405
9412
5149
3322
3433
7045
5978
3607
8889
8503
6546
2172
178
3527
1571
2146
1443
1785
3019
8162
3058
8227
7664
2481
3761
1511
9910
4207
8608
7338
5968
3092
3829
5686
745
1552
8645
2709
1611
7680
5488
121
4852
6216
5636
4176
5181
9807
8450
4148
4721
473
4241
7788
1892
177
4756
7622
3422
9105
3966
2500
3878
885
2386
1834
4124
6477
4858
9528
8640
6508
6969
6704
4215
691
1503
9355
2886
3114
1832
3800
7149
1024
5200
4125
894
1966
4595
4363
5451
9635
308
8070
4512
6384
7334
1389
8130
6429
3472
424
3723
6541
9846
7149
863
3420
5461
8774
8490
6329
6433
8238
4511
936
3623
5506
4962
8569
1573
4739
9703
5424
2850
8554
4376
3615
7293
8737
9666
8206
3696
8251
6673
8398
2374
4848
8882
7583
6905
6177
7285
8630
9088
4351
3185
5773
2539
9391
3875
50
3188
8481
4978
63
2406
1841
8661
6679
6170
449
1003
7690
5895
4131
8109
84
3062
7936
9448
4591
4387
8114
3520
5650
8564
9433
9613
5280
4775
3275
5505
5250
4560
4739
6788
3758
3418
