1604
8373
3649
280
4078
3274
9641
3713
1477
7503
8579
616
3746
1046
3252
571
7277
3623
885
8195
5082
7300
1870
2594
9538
6658
32
9869
1466
3675
7115
7521
8392
9535
4601
1978
2552
6289
1743
763
9036
246
8991
7294
5656
4978
62
9905
6496
4393
4532
9722
9556
6960
1566
6743
5172
7012
1564
5164
9467
4703
7385
4434
331
7900
9266
2410
583
7867
5339
6165
9302
8025
511
1835
6991
6040
2368
5118
6766
6400
5592
2674
6278
2924
1200
5309
767
3445
7450
1736
3038
4428
2978
7476
136
6280
9367
472
8881
5347
2989
7180
8475
810
8022
6254
4866
9914
942
361
4239
8577
6578
6783
9117
9956
7711
8495
3631
7517
5458
3470
3934
5929
7794
4742
8369
7826
629
3140
3915
7951
8544
3472
4476
8657
8607
3332
1766
8082
3855
3055
4538
5134
2744
6130
4008
9131
3829
8023
5559
2094
7455
3728
919
4094
4934
1266
4524
9364
7480
3253
1033
9378
8866
8337
2582
4628
3672
8728
1671
5495
9910
1739
8848
3359
3584
2637
2205
595
8542
7492
2475
3639
3790
1364
3297
9632
