7135
3812
9916
2076
2848
3920
1772
6101
6215
4000
4358
7534
5262
2566
9316
58
9732
3282
3075
6111
2562
9517
1151
9633
767
9121
5239
7896
8241
5543
3369
1371
2044
4818
5492
2952
2158
9740
9392
781
3548
8560
4938
866
3795
9121
5790
5368
4478
7696
8168
6156
7584
637
4409
6686
5257
8195
1433
9335
6665
5473
1756
7328
2605
1140
6530
3196
9551
8580
40
5493
1325
361
8923
6573
2437
7302
969
5485
9223
6404
8928
1734
2586
7499
7520
691
6637
6770
2987
7603
1726
308
792
3299
6703
948
9910
7013
5055
2397
3216
1836
1615
7802
6138
5290
2809
4079
9127
1014
8148
3700
3880
7748
9881
253
9695
1364
6185
2599
499
8961
3382
4545
1003
4704
7306
6497
8027
9899
2870
2914
8333
813
7115
3368
4928
1593
5752
8819
4601
1021
851
3640
3862
6182
4460
7550
9299
739
385
3073
9361
3586
2884
7952
6245
7186
2431
4656
332
9187
7500
8807
2115
8503
8454
1973
550
8111
9000
2546
7205
4693
8116
9168
8308
4337
2473
7042
5238
7312
1303
4330
9913
2130
6918
6475
4710
8543
4755
