4993
1642
3487
7418
5285
8425
133
5490
2336
4850
8492
1230
3231
1426
2253
8871
5207
9194
5561
2400
768
5891
9773
9823
7814
5143
358
102
5859
5050
4145
3271
806
65
1421
2552
1152
5861
6795
780
563
2558
9144
1090
5018
4274
5903
7523
357
9140
4662
1212
3164
8372
5255
508
4522
3182
6303
5854
2500
1590
9606
6560
9778
4568
4144
9443
2620
6064
2376
5665
5351
2902
915
6351
1594
7435
2385
7581
821
1172
5365
8954
1127
7850
9434
1924
3891
880
9166
9312
8418
8941
9580
748
1897
35
9877
3562
1292
6651
9408
5684
5316
8141
1327
3908
9179
6844
1789
7693
7884
6632
7090
3026
9197
6304
142
9242
9873
4931
3743
1138
9302
7655
9283
6404
4124
5746
8723
2394
1380
6308
9522
7532
890
8152
6
6753
5607
3098
7354
2871
5337
5826
8248
6600
9415
7776
160
5391
2930
9495
7534
3453
5155
791
7309
3951
988
9017
7341
8917
7294
1776
4120
2528
1206
9934
5932
3705
8088
9396
1022
1881
5319
6889
9520
5815
1611
1256
5537
4787
4936
3409
9159
1287
5247
6167
9752
4679
