3395
7046
510
9370
8419
1428
7726
399
9619
7713
5291
8844
530
9541
8381
9092
9715
3000
8667
2210
3200
4127
1338
3490
2573
3483
6222
8307
8038
827
2259
9259
9500
1935
6776
385
4546
2356
6691
8695
847
5436
7872
6033
6579
1510
5364
3923
9149
8925
276
3950
6180
825
3849
7554
1496
167
8291
560
5319
2684
7282
9721
1566
9975
6714
8915
4246
3930
3526
356
2019
1925
643
6390
7558
7790
1
8016
4637
8773
1925
2580
2186
894
9101
4504
9675
2386
7894
8149
1738
8307
2476
3184
2384
5692
5762
7612
5195
2033
3983
7530
2338
436
2196
2003
1829
7991
5876
2481
95
8219
8413
3334
3833
9752
3098
5707
9892
6600
706
3656
7661
9516
756
7172
6650
2059
1558
1508
9514
2172
3088
4035
6499
7941
1781
6969
2506
7758
4759
7718
6949
5529
8927
5782
3824
9687
4392
9931
6585
5877
8148
1956
3666
2821
6930
1217
9711
5038
4941
3317
1978
9925
3049
7252
908
8795
3373
8589
8788
6210
148
990
5880
5689
5204
8844
8008
2
4627
4502
5126
8832
5281
6316
8230
7215
7643
3572
9226
9756
5259
6498
7645
4272
