5048
7813
7575
3295
8840
5069
7914
9036
5333
956
5140
9124
9293
2584
8221
5333
6752
3904
994
4204
7991
1382
7
8068
921
5504
9810
5174
1141
9406
320
9016
6529
9114
6797
8541
7327
5625
6461
9413
9004
9726
8985
1653
8812
5149
8353
566
8468
189
8662
3893
2380
381
4060
4296
1162
8054
8300
2142
1491
1381
497
6274
5244
9936
7380
350
8482
4325
6423
5079
8327
9414
4851
1496
5806
695
8616
8328
7856
2669
1362
7953
8794
4639
2949
4115
5078
9008
2160
3529
4652
9785
6765
2430
7464
3605
9658
70
2984
2576
4064
9547
2451
816
6779
6670
9747
3502
5227
5427
1656
3450
1606
8536
5147
2094
7587
6955
9389
4567
6786
2419
7985
2087
191
428
5495
8830
2710
9911
2358
5331
362
9517
6834
7811
6240
3362
1834
2739
9005
1066
1296
8150
2420
6769
6066
2134
8052
1073
4214
1662
1353
9821
4748
8037
2751
9938
1156
3037
9668
1519
8784
668
9858
7070
4169
2967
196
9292
5689
5417
8658
3129
932
5463
9196
2224
2204
2444
9012
2683
2545
6085
9297
179
132
3536
9979
8129
2368
3534
