539
6845
9862
3186
3952
5771
2171
167
4463
6877
3300
3115
9853
8362
9669
3096
7405
3696
4244
6085
7832
2100
4347
4372
3265
1093
1070
61
4824
8474
6
7120
4622
1416
2774
7457
9702
8269
293
3118
4356
6039
6898
5127
5413
7567
4843
7713
2627
8783
1660
4414
923
7301
3242
7780
1034
4443
1168
4079
7826
7480
9407
6078
7213
2319
6283
5023
6613
8231
3968
764
1122
8045
5532
9048
5506
3456
4909
9202
5782
2396
9245
370
2962
5271
9552
506
5172
2311
7668
6638
4458
7074
3870
4177
1642
9045
1234
8382
7429
6014
6214
3507
1223
274
1186
7984
9694
7412
8634
5390
2169
8010
3270
7011
4475
3395
3771
699
237
9418
1898
9569
9063
7959
1732
6583
6334
9555
1066
4234
6640
6716
3065
4546
6743
5470
8086
9660
7247
7451
1576
7680
9922
3689
5199
3329
313
9341
61
1202
160
3705
5347
1063
4545
8819
5424
8335
2326
2977
790
7589
8376
4980
6461
1201
927
3725
4769
2149
2140
7929
2797
7322
248
2941
2229
5212
3191
1588
4797
4867
2484
5117
5884
725
9806
7618
241
2032
8861
3760
7401
