8047
47
9403
2648
6609
8426
5058
7950
9433
5937
4959
6102
5645
1480
8016
9261
6807
1344
2115
1907
1833
3120
5368
3547
9770
5591
1751
9071
8284
4874
9219
6404
8388
1693
4659
1985
3170
6100
732
2694
4694
4086
2799
6301
1449
2452
1308
459
4747
1180
7013
5888
9874
8626
5547
5969
7178
4697
596
7200
9861
5727
6215
9791
4327
959
4629
1188
5190
4671
4958
7535
2004
593
3979
7295
5649
4552
1108
7526
1770
6940
8921
2452
4293
8
1876
4806
9750
6385
352
2443
5368
3931
6808
632
2207
7651
5052
7873
5640
3904
3968
8136
80
1213
5333
6783
7030
1279
9403
1971
6012
8099
9980
7612
6483
5337
6247
7802
6838
854
93
6350
4379
4862
9803
2722
1122
7666
8916
7063
8987
1708
7575
1508
1917
690
3714
2318
1198
7795
776
822
2809
3750
5120
9881
6882
8230
6994
3701
6401
8795
2322
5770
9697
2974
838
2824
7033
8213
5567
37
467
2076
7827
3931
2456
8045
8962
2339
4251
37
2231
794
8711
8165
2846
1853
6450
1121
2987
4335
2477
2319
8166
9630
