7886
9676
1385
7140
5635
2255
5884
7708
90
5269
6915
8371
7526
3375
1568
5030
6706
6106
3050
1232
4792
3874
5695
2736
4807
8871
4374
6336
7083
837
6041
6835
9655
9329
8803
7233
7888
6020
8190
7685
538
9934
3469
1407
1634
8120
1843
4406
8455
9539
9843
2760
8390
606
5014
5117
9042
7026
9349
427
3856
1176
4259
9218
7733
8700
8859
7687
5800
319
51
9606
4757
5282
8830
4269
8978
7151
928
2217
8743
9691
5037
5647
8403
1240
5052
6885
3849
3814
2965
2023
4585
1845
9695
4405
2637
421
5478
8649
8294
7606
8968
3962
1764
3220
5773
1852
3336
9474
5304
229
4265
1277
4663
8973
1728
997
9559
4045
6430
9632
4227
1762
1560
4668
2696
148
1875
6060
1271
676
1186
7529
8649
8939
7728
8239
6293
3545
7542
8587
3151
3759
3325
3514
6471
6189
6365
2537
3719
6465
5180
2211
9735
5849
2998
490
3369
9062
1374
4356
1556
1292
9325
5980
9550
8403
6270
6082
8971
4834
7821
5468
2955
4653
2846
6998
483
9203
3458
3217
4360
7494
2130
4191
7960
1751
9615
4117
2457
6527
8350
1292
