5006
2685
5350
3013
8700
5033
5571
142
5439
5185
2087
9587
7606
9790
1459
1765
1080
4297
2975
5712
5282
7167
5825
952
8415
6404
8846
7387
8029
4652
9297
9146
8099
2609
8048
1637
7256
7575
8867
765
1624
7060
1318
1873
8411
7830
1789
8993
8842
8069
8512
5198
3510
220
2710
8754
5650
2511
6783
1779
9639
8232
981
4729
1964
133
2748
7060
1369
6599
9347
9834
5711
5628
5721
4231
8275
6937
2176
1339
6461
346
6794
292
5859
1748
5136
7924
2919
889
4323
5954
716
415
8950
7126
8537
8044
4220
458
5836
5606
6312
9696
8148
8299
1035
7058
9631
4281
9228
9109
6306
4417
341
923
7967
1261
1290
1656
1244
4841
1564
210
4647
9385
8109
2097
4166
5467
5392
1536
5359
5398
7412
1963
1013
5844
7329
6862
9614
905
1427
5260
9742
252
3862
5804
2288
8780
2478
1742
3525
6043
3970
9102
5765
6843
4527
8507
1635
5801
6653
2364
2827
9154
8119
9817
8415
4256
4953
7820
2634
7530
9792
7992
7365
6142
6068
8168
7743
7511
9547
931
8097
1444
3935
9422
9499
7464
7166
8857
2670
1089
9651
