6423
8617
5899
3266
5196
7789
2094
6085
3795
9692
5023
8549
3100
6342
2
7305
8286
2143
1781
6163
237
3972
5364
5112
6812
5153
5906
4994
5917
5626
8825
5322
260
4710
6171
3786
5792
6147
7819
5837
7306
1330
1127
6870
5776
9186
5248
4745
6037
9109
1876
1920
2485
5029
6724
3244
2825
1844
4647
8508
9275
2937
1427
6706
9176
2667
2520
1962
4103
1307
4823
5217
8764
5721
6718
4640
7118
4144
9701
4400
9181
2714
9303
6994
256
293
4912
4198
9780
3041
7931
8767
1514
8760
1560
8938
6996
7921
9464
6931
3579
5213
2473
430
761
1237
3793
6754
1044
9911
7448
3673
2815
1452
7238
5064
6973
8627
7118
4908
7850
8170
7833
2056
648
4561
5671
772
2074
1945
9319
2866
7954
5541
9127
4443
1581
7269
7902
3296
6253
7795
8464
1047
8854
944
3293
5487
4606
186
1413
2914
7942
2131
3985
1761
9492
4634
5613
3271
1613
4612
1659
7652
9366
9682
8722
2362
972
742
6514
409
8488
4624
3495
5969
8657
6889
4874
2902
9933
702
8618
2211
2557
6729
1362
8852
3115
8564
