1643
4070
115
6787
7374
7061
4237
4525
4583
8735
1326
3461
1149
6602
4896
6484
8577
2364
5853
7016
8459
982
9994
7416
6935
3867
436
3469
3057
3935
6797
525
7731
54
2243
2156
8937
3004
818
8919
8823
2232
8457
544
1433
7929
208
8239
7098
4793
7499
2814
3592
7457
369
8275
3138
5614
8071
5611
2528
1480
1578
5475
2606
3938
7208
4245
4379
5735
8406
7679
2638
3642
7639
6268
3223
619
7800
9119
1618
7469
8985
4121
9609
8384
164
2799
9495
3774
4228
6799
5398
7382
4629
9232
8871
5423
1105
8267
7062
468
3233
6850
8763
4365
9435
623
9721
1434
8482
2883
200
1888
3745
1661
4934
5011
2169
4708
4364
7972
2058
7258
120
3946
7901
1097
9104
283
4561
5804
1807
4944
4886
7330
7193
9690
7714
3153
7775
9673
6459
9629
6831
3136
1099
2219
6758
4601
8727
5208
6748
5708
7102
1207
7651
5912
5061
3629
8315
8750
8810
4092
7265
1630
6834
1527
7757
9629
2315
1599
1018
2962
233
4873
913
521
2686
1559
9556
2421
9621
5402
4505
8490
2375
3788
8572
5287
6682
8125
13
2472
7271
1973
5215
