8160
9895
6868
3928
6631
5717
3321
5792
9654
4379
2846
1540
9724
4695
4314
1645
627
7253
4315
6386
7259
7510
8271
5313
6077
7991
2893
3530
794
132
4609
6272
3850
6403
9577
8822
3489
568
6336
520
6389
5295
7520
6345
8590
8552
2377
8712
8860
6310
7085
814
88
461
805
1646
5779
4015
5222
4297
531
3660
9276
1715
3503
8073
5199
8701
5573
7537
7590
6883
7318
9103
1939
7975
9550
2371
1177
4669
9968
9887
3461
4762
5502
3152
8405
4088
9883
0
5646
2441
5649
689
6958
8559
4698
9205
2816
8381
4405
192
1365
6811
8458
7766
9589
4749
362
9865
1704
4825
1845
7150
467
8737
6314
2062
856
8842
4087
6964
9011
5638
877
6732
6118
7008
5957
7483
4627
9070
1846
5819
4718
2630
5270
2057
9699
6550
8903
80
1018
5962
7943
5329
8772
9776
6048
1195
1070
3314
5314
503
7753
2571
9406
1962
5403
1994
5543
7618
8993
6478
3034
124
4547
7470
2072
5817
7225
704
4980
3878
5499
5427
2651
4500
6870
5152
9555
7461
8400
8518
7965
2886
1063
7461
2038
676
7867
2284
7742
