4955
4930
2483
4726
3878
6198
5377
4043
4009
1874
4618
8199
7516
1823
4463
9467
4331
9439
1176
369
61
2559
2481
1966
9566
2964
7755
8351
7839
669
4841
2315
2962
4290
3915
9636
5015
2469
2852
3756
2590
7448
8293
2103
8643
2610
4598
4443
677
5727
2001
1414
6763
7177
8170
6974
4858
4500
2468
2386
4034
9754
1574
1650
4200
7809
4646
3468
3679
3917
3714
5250
3331
9669
2476
1008
9722
6556
2693
5619
1786
1277
5792
7900
9653
9965
8051
3432
6934
2326
1287
584
566
1740
1668
5654
7094
1532
8909
1161
4582
5709
5192
8167
8043
2603
5766
5852
1002
4832
931
706
1430
1425
5554
7301
81
5357
458
669
4337
2650
6051
5335
4741
521
2653
516
1218
4235
5745
9084
2738
8414
5969
639
1910
416
933
9352
3143
6784
5617
4469
7341
6047
7587
9251
8275
4530
2877
7478
3859
1221
8435
3469
4979
512
9536
7957
8971
899
6124
876
697
528
2148
1472
6400
7330
7954
7781
173
3297
5825
6002
2772
6375
1808
5503
9435
6733
5408
2388
9488
3913
2270
9042
4698
8960
