6746
6713
6327
1533
8250
754
1078
2892
7420
2719
9179
4828
2071
4063
6003
375
3475
7115
4193
8731
5610
6626
422
2265
3150
5312
7695
6183
9567
3188
5709
9303
6235
6532
3428
3217
7722
5648
4888
2317
3086
6197
8526
3544
7058
2591
5940
1191
8975
3453
2852
8722
4750
3818
4903
3348
9682
1530
8396
9286
3725
5975
9962
2869
7321
2169
5086
5315
2137
4427
481
7584
6457
9962
2472
8839
1794
6293
9906
4497
2331
1075
8119
9425
714
9570
6685
9891
7061
4751
3185
1899
3889
4978
4291
2633
1720
892
3856
9976
3111
6396
7061
4615
2726
4058
8075
5708
8966
2899
1163
3074
3450
1045
7451
3236
8548
2166
9222
9757
1141
8352
6991
3333
1585
4002
9321
8043
6089
4543
2950
3743
2315
7948
430
9644
3510
9046
5626
7323
4221
8662
6837
6709
9136
4600
3831
3733
8030
5201
8340
904
2545
5112
9197
9997
151
2043
8772
1099
3884
9853
274
556
6229
7406
268
1300
5040
1381
8697
862
9297
3033
7198
4668
3382
5538
3889
9638
7830
4986
5405
7074
6472
9133
4999
6602
9579
