1680
7770
3088
8011
5262
7401
293
1030
8406
1505
1523
8501
9933
6142
4047
9056
3953
5942
5143
6529
7021
7902
3124
3510
3180
1278
3734
8212
7421
5861
311
7242
3954
4561
5320
2467
7507
5126
6662
3013
4012
9861
9234
1794
3574
1961
9847
5017
1213
7259
9849
2939
971
8903
322
2389
4811
45
6267
3202
1704
3263
6108
3057
4351
2391
2723
8421
7388
4068
1207
6548
8573
2658
2145
4707
5004
4187
7107
6294
909
1486
6579
1992
7102
3688
72
4828
228
4704
5054
5163
7696
2148
4405
778
8312
3615
9361
3928
1578
9130
9435
6208
1347
2012
6594
8630
7024
3165
6626
1720
6391
469
1685
8173
3453
7484
8195
5036
1442
6017
9374
9442
3067
2389
2254
8621
3925
7841
5616
8486
40
4865
5480
7872
3316
5623
9163
3049
9674
705
2915
8402
225
456
8225
3634
5988
934
2028
7935
8705
1066
8462
5072
6771
6316
9763
8184
9676
1424
6514
6842
7425
7028
1235
9255
4198
1673
1330
4559
1700
1904
5029
6798
3959
5391
528
278
5310
5988
8882
6354
3542
2856
4948
2497
8556
1692
107
6213
8851
