6501
1500
6868
2578
5654
1298
4236
685
7383
408
4003
3254
2561
3749
9800
6157
4713
2493
124
5090
2147
2502
9175
3467
6449
234
9067
9169
613
6234
4507
9298
644
4800
4508
7222
9185
1634
653
7446
8940
9655
9046
2170
8213
5149
5441
4227
3727
6383
4333
3395
9041
2788
9281
7630
9267
2967
829
1385
7116
3888
7956
2413
1021
1602
2794
6760
1288
2612
8195
1069
9058
3053
187
6958
9565
3678
5297
8283
1721
8244
1488
6040
4026
1188
6579
6017
8739
4973
8936
7027
6539
5193
7416
4224
5857
1608
4903
233
4954
7478
1828
6588
1221
8882
5556
218
8785
1956
7203
9456
5541
9162
497
6930
5592
4776
2064
4683
9685
3191
6638
4401
9738
877
7638
9062
6806
366
7616
5483
8601
9739
1321
9342
1491
8276
3798
3858
2215
4716
5010
9651
3918
6170
8579
7976
4627
7549
8529
3920
5789
3146
2582
6572
1827
309
220
6178
7900
9882
8652
7385
5775
7050
2696
4504
5678
3635
4332
1499
7182
8647
3045
128
6100
5090
642
9923
2985
5568
6736
4543
4153
6973
7735
8188
4838
7700
3549
1960
1017
20
2353
3141
