5764
8439
7294
9301
4960
4671
8977
6107
9328
7026
9926
7771
757
4008
3235
9351
7296
1308
9270
5752
5674
4588
9921
2508
4276
9575
960
843
7495
7705
4968
5935
8179
7311
7080
7765
921
4596
7353
5820
6515
8787
5226
7100
4118
3244
342
9411
4412
6584
6225
9265
3437
4152
9972
9037
5871
7720
9396
6911
3297
8933
746
9728
3196
3639
4049
8455
4887
6213
4140
299
352
7957
719
4634
8242
7925
3412
2102
6302
4160
5109
9716
7131
2820
620
9337
8391
3649
5459
4177
1846
784
2606
4372
516
7271
7065
7310
2052
1694
6226
3820
6201
6300
2405
9600
5338
5770
6113
2074
4762
3061
5241
193
3572
977
8616
2428
2398
113
45
5540
9690
4934
9709
4936
5313
6674
6534
9785
3526
8207
6093
265
74
4986
8522
1966
9301
7366
2295
4354
2173
3957
7307
7839
9606
1104
3294
5865
6821
2881
4897
2992
752
5100
3067
8313
8020
8466
4102
4717
5042
7148
7945
4848
7950
8928
266
7950
2058
7083
6198
8732
4977
6330
1258
4814
7316
4769
9163
2263
8976
3088
6263
9112
3483
2987
9284
1780
8818
1423
5579
5808
