3434
3785
7310
543
8604
3324
7916
7457
1747
4407
7839
8247
8541
9835
2424
5080
1077
8534
1392
7426
2692
9397
6550
6770
702
23
5056
3945
8505
2826
615
6625
3710
872
8214
7247
9841
2881
7262
852
4848
651
8278
9397
3282
6898
5395
4557
8259
889
1917
9890
2714
7064
7278
8397
5773
2773
8853
1766
642
5610
9471
6136
330
2083
7576
7721
9955
1473
6705
3932
5444
8752
7934
933
6878
5231
6958
4726
8051
2384
5208
3271
307
6217
4675
2332
748
1852
1001
6272
3655
4756
8570
688
7838
8934
3739
7096
1369
8037
6684
8113
4428
6359
7654
6490
5581
5544
452
1509
5033
8171
3757
8346
1193
8140
415
3713
4237
287
5866
2419
4577
8307
4963
2946
4485
5600
3288
7967
628
2841
1679
8100
3714
6478
5513
4015
180
5188
1060
6602
7228
4746
83
5839
5148
8711
3353
5358
4921
8401
2537
1920
1835
9438
8043
7010
586
1961
5587
3726
5011
6781
7479
2528
8115
560
5738
196
6167
837
3745
6306
7725
6043
7195
3849
9920
8114
7647
2348
7289
3119
6111
5838
7739
2728
2090
4569
1704
3145
