6312
3996
6809
512
8033
9201
9871
6365
2975
6829
7195
1025
1512
7184
4863
8101
3427
2548
7620
561
5738
8020
3714
8171
6979
8636
4958
8554
3614
8055
9123
2064
3129
4554
9631
42
7745
1023
9034
8566
889
5486
4515
9542
7294
4362
3033
7094
1074
8659
1414
8968
9842
8017
7563
4035
5323
7687
6391
3033
4042
2640
8456
5554
7091
4053
1777
9254
6142
5315
6369
8066
4061
2138
207
2845
8967
8078
3810
6839
369
4429
1511
6178
8094
8525
27
1517
8233
8346
6209
2075
8409
4886
1746
5294
4127
1712
9419
1739
4272
8942
9698
4298
8760
3558
4197
1798
5811
4410
506
3032
5527
8606
2686
9173
2963
6423
1348
2440
1827
4631
9135
4428
9793
7261
1796
1971
4597
5270
6367
7626
6734
6489
2302
1743
5299
9635
4223
5949
7304
5723
5947
2777
3478
1041
1743
5952
671
8332
6214
1725
8194
7080
7172
8844
9772
2538
4599
5895
4768
3566
3802
674
1954
9395
7336
3832
3333
7833
6195
6402
3899
9169
452
6341
1297
4055
6476
1396
9780
704
6764
9905
8493
1594
3545
5339
1523
2723
607
9747
983
2815
