1189
5980
8492
6155
3310
5285
3363
3430
4219
5321
141
8990
1107
1592
2242
3423
9822
670
2093
8536
774
1118
4577
3050
2282
8297
7606
3259
8873
3927
6954
2365
9508
7583
989
6103
4629
8565
5813
5140
4155
7732
6222
6021
3707
5795
8245
6539
9629
8514
4001
9865
3160
9114
7531
3789
1688
6181
9165
9383
2104
522
7227
2495
3715
3412
2441
7623
780
6120
6052
6783
8126
8179
5472
3587
124
987
3469
8669
4056
7773
7395
8131
8647
5532
4601
1093
5346
3267
3324
3798
3115
2463
6008
733
8480
9293
5608
6506
1691
8348
5894
3175
5029
3412
383
7247
4146
1468
5664
2207
6258
2875
8048
5745
4335
1900
9666
9056
6935
9004
7337
6463
8393
5773
1851
5238
7603
5576
5309
64
4993
6232
9359
1759
5868
4085
4995
5231
7226
8935
7442
9435
3732
204
5409
3629
5299
9783
2551
5523
4751
6125
8171
3213
5783
1429
7290
5523
9098
2965
3908
8173
3317
4754
2940
4883
5288
6038
7948
6100
6781
7140
7450
1487
9939
3459
5844
4526
5695
6970
8997
9102
9043
7649
6328
7713
9810
7558
5146
7156
544
