8088
8856
3785
2957
2492
5062
4783
441
5959
315
4237
4095
922
4351
9390
2478
64
9160
9751
2950
2180
4887
180
7432
4187
5843
9963
6073
555
3822
7815
4067
8663
1072
166
88
2995
6980
7824
4967
2056
6290
8491
6819
4338
2545
5042
514
615
7205
6302
5775
3288
8890
5151
219
2813
2611
3108
8749
7144
5875
2194
4416
921
1371
4875
1779
7636
9337
7240
9202
4483
4347
5899
1721
882
7999
1946
7770
2028
7868
5639
1664
2352
7435
6815
5090
5381
339
4492
567
2412
688
7142
5098
533
1202
155
6080
5524
1
2888
2097
9219
1422
8393
6323
996
3820
9329
3002
4663
3423
5432
7725
5069
7208
9798
3390
4415
7692
9670
1415
7303
7868
2822
7473
2289
5768
1205
4933
94
7320
5957
8408
3559
8555
4163
5619
5665
7396
8848
6747
6478
6352
9535
473
585
9576
9908
8945
7984
2926
5939
1194
1340
5069
1294
7796
3081
7545
4903
1340
9650
4496
4731
5392
2279
2195
2478
5607
5754
9768
4540
4438
3213
2981
9653
328
6879
407
8506
6731
3625
790
4626
8673
4072
2362
9956
1796
4047
