2710
4671
6804
8435
4979
2687
6423
8664
4670
6849
1614
2902
6343
2811
7463
7737
2787
8501
9514
2384
4103
3962
1035
195
5473
2718
1124
3514
3598
4468
9013
680
280
7406
9048
3100
3039
1617
5874
8976
663
5868
3114
4164
2782
7949
8370
1062
4776
1873
7997
6241
7698
5456
916
9078
1699
591
5865
529
9900
7547
8226
7502
9533
6073
237
9857
9756
4889
1255
240
9331
2920
2951
5006
2819
817
3826
9495
4369
2650
5017
6476
6206
3631
6995
5469
2450
7953
8181
3199
5576
5239
5860
9072
9471
6346
5008
9699
7577
7794
4720
4115
8149
4474
8479
6187
6168
4261
3156
8421
1597
5270
8451
5523
5966
4382
7578
2364
2516
1026
2239
9488
7058
7044
4378
3805
7695
7791
4930
3656
8621
5337
5254
6094
5458
6657
3599
74
3012
2858
9256
7239
8034
3552
9212
1247
6514
8739
5142
7407
2947
7579
3118
9401
9844
9488
957
9105
5102
4944
1699
3131
9292
2615
2863
1804
5002
6935
1357
7793
8080
4650
475
7339
3605
3211
329
9817
4615
6364
6380
2661
7493
13
3071
9184
2358
4000
1215
7327
1965
7959
62
