5041
6910
3586
679
464
9276
4874
1543
1195
1894
229
475
5201
6153
4412
2601
8414
2831
2563
1976
504
3880
3955
5269
9914
7494
4762
2438
2629
5081
4050
2773
2131
6268
5912
392
2863
8720
4267
5014
4687
9695
5796
6407
3914
9822
8813
6267
928
9178
9663
9160
1646
9837
5916
288
289
8825
1027
3591
4791
5186
8165
6188
4401
7509
4075
7198
9771
5783
4221
7517
6197
8168
6187
9577
7821
2372
6687
8343
9072
3200
2584
3239
2313
7554
2838
3337
2111
7610
2502
1496
7761
6751
6431
6671
9046
1765
6045
2393
5513
4158
6216
818
5629
3251
4992
1774
9092
4793
9136
6490
7076
7256
2433
4880
1757
2108
4146
535
2813
2526
2979
6310
3631
384
9450
1374
6454
9791
1004
8300
7021
9133
1692
697
9464
2098
2563
382
2473
9546
8949
5821
20
8849
6105
9439
6797
3948
5839
339
3447
6699
8070
2214
5233
3493
3071
7571
1476
725
5086
2066
2584
167
7196
3092
4430
5072
864
7088
4669
3237
3262
704
3319
6219
7989
8950
470
6551
5628
5685
3794
4192
9782
718
690
2542
5014
218
