6096
5388
860
5936
3963
147
4422
5277
8015
2106
954
4528
20
332
1310
4208
2898
6419
9083
6805
1528
5015
7215
4224
9261
8953
3270
1734
4776
833
7638
9031
4616
1001
3207
5287
8333
8281
1932
2448
6967
4991
5870
6463
5545
6505
9131
6344
2359
4259
8139
5677
9307
4451
680
7185
6114
1456
7995
1355
6811
673
2312
7726
435
2039
2073
4866
2801
6678
2016
5921
7658
8155
8234
3735
8963
3957
6469
5443
8253
9249
1438
3077
5304
5317
1406
942
2507
5018
7201
5789
5255
2731
2409
30
131
6320
8552
9610
858
1043
7821
1668
9689
1872
86
7684
3197
6452
6055
4546
4213
8643
6613
9708
3126
6479
6512
5101
7321
6199
1357
2979
7453
2158
3769
9092
3861
3028
4553
7840
9260
1046
9183
6260
5015
6976
94
6310
8340
2657
8578
5230
5168
6709
2538
7211
7095
19
2076
328
6099
9782
9654
8381
5862
4356
2212
5927
3448
2425
7995
5292
8770
5468
3114
7397
6170
9933
478
6195
7846
7613
2031
8997
5804
529
6110
5970
4139
9645
6534
7542
93
7272
5283
1700
6298
8727
4637
5918
3646
7072
7643
