2967
2756
4023
1849
727
4876
4067
5152
1940
2596
6866
6458
3733
8929
9596
5747
9967
8013
6930
3907
8363
3170
1648
468
4448
6817
9290
6666
210
5356
7418
3676
4984
1008
6806
5029
1307
9405
3596
8286
5423
4887
8533
6238
6149
4276
8666
193
7950
1436
4367
8437
7139
3742
4652
2758
6244
5636
8424
4123
8517
6952
3394
1678
3650
6857
4092
6867
8537
3222
8511
4195
5815
3189
5384
4968
8101
3973
9846
4784
754
6254
5344
6077
7833
9915
1636
2706
8944
9544
6675
3191
6088
7017
3166
5002
5644
5753
1375
5742
1753
6241
4810
5332
7903
3550
5303
6146
9385
1454
5071
1462
3031
6919
9626
2531
8312
1843
5809
3963
4768
8192
8035
6852
9281
6630
1206
4647
8029
8377
4421
6384
567
8274
8237
9233
9756
2531
7255
4894
1868
211
3515
2145
3393
7531
7539
7919
3402
3098
144
6414
7978
4108
693
7196
1872
2857
8616
5290
8538
7519
9075
9143
1664
8163
2457
5628
692
4206
9962
707
5753
9005
3545
2773
6402
207
6257
2723
7902
2365
4415
9256
3713
8037
9973
8735
7039
3678
2580
6339
3867
